x<-10
x
a<-17
a
